#Nominations of friends in an LA junior high classroom. Each student 
#was asked: who are your five best friends in the classroom?
#ego is the student listing the friends | nominee is the student listed as a friend.
ego|nominee
1|2
1|9
1|22
1|24
2|1
2|8
2|9
2|13
3|9
3|20
3|24
3|30
3|31
5|7
5|8
5|23
5|27
6|6
6|7
6|9
6|30
6|31
7|5
7|13
7|20
7|23
7|27
9|3
9|6
9|20
9|30
9|31
10|11
10|12
10|14
10|17
10|28
11|6
11|10
11|22
11|25
11|28
12|1
12|14
12|25
12|28
12|29
13|6
13|17
13|20
13|30
13|31
14|1
14|12
14|25
14|28
14|29
15|2
15|5
15|20
15|26
15|27
16|11
16|16
16|17
16|22
16|28
17|2
17|10
17|13
17|20
17|26
19|9
19|19
19|20
19|29
19|30
20|17
20|19
20|26
20|30
20|31
21|1
21|18
21|28
21|29
21|31
22|6
22|11
22|12
22|25
22|28
23|5
23|7
23|9
23|13
23|27
24|18
24|20
24|26
24|30
24|31
25|12
25|14
25|22
25|28
25|31
26|2
26|15
26|17
26|20
26|28
27|2
27|5
27|7
27|8
27|23
28|11
28|16
28|18
28|22
28|25
29|1
29|18
29|21
29|22
29|28
30|3
30|6
30|9
30|20
30|31
31|3
31|6
31|9
31|20
31|30
