# select demos.over_18_m_per_100_f,
# income.Household_median_in, 
# geography.Population_density
# from demos, income, geography
# where demos.GEO_ID2 == income.GEO_ID2 
# and demos.GEO_ID2 == geography.GEO_ID2;
"100s of adult males per 100 females"|"Household median income"|"population density"
89.6|34135|87.6
107.6|51571|1.1
97.7|40558|45.2
92.1|32182|51.3
97.1|47493|217.2
100.0|47203|41.5
90.5|53935|702.9
91.0|47381|401.1
86.1|40127|9316.4
92.5|38819|296.4
94.0|42433|141.4
99.4|49820|188.6
98.5|37572|15.6
92.9|46590|223.4
93.3|41567|169.5
93.4|39469|52.4
95.0|40624|32.9
92.5|33672|101.7
90.1|32566|102.6
91.7|37240|41.3
89.8|52868|541.9
89.5|50502|809.8
93.2|44667|175.0
95.6|47111|61.8
89.6|31330|60.6
91.3|37934|81.2
97.2|33024|6.2
94.6|39250|22.3
103.2|44581|18.2
94.1|49467|137.8
90.9|55146|1134.4
94.0|34133|15.0
89.4|43393|401.9
93.3|39184|165.2
97.8|34604|9.3
91.1|40956|277.3
93.8|33400|50.3
96.2|40916|35.6
89.9|40106|274.0
88.8|42090|1003.2
91.2|37082|133.2
96.1|35282|9.9
91.6|36360|138.0
96.2|39927|79.6
97.9|45726|27.2
93.3|40856|65.8
93.7|46677|178.8
97.0|45776|88.6
91.7|29696|75.1
95.1|43791|98.8
99.7|37892|5.1
88.4|14412|1112.1
90.6|42013|73.3
93.2|40250|88.0
106.8|25101|32.8
107.0|31420|33.4
97.3|35241|79.0
113.4|20605|18.7
82.9|24791|27.5
88.1|31768|184.5
85.3|29667|61.3
93.5|30874|43.4
93.9|32588|57.1
85.4|24749|17.4
84.6|27388|22.5
91.1|27885|23.6
96.4|30820|25.2
92.0|33664|64.2
88.1|31954|92.5
84.3|22111|16.6
102.5|29873|18.7
88.0|26336|36.4
83.6|26054|22.4
94.2|32256|104.9
95.0|31998|87.6
77.8|23370|47.3
92.5|30137|82.9
101.3|41243|106.0
102.7|28319|40.6
87.9|31170|193.4
89.6|28539|29.5
92.8|27177|49.1
90.0|26448|44.7
79.0|19819|15.4
83.6|25807|26.7
86.2|30353|29.0
86.2|34431|153.0
92.0|32020|50.0
84.5|36868|595.0
90.9|28059|26.3
88.2|33354|131.4
92.4|31549|50.2
95.2|30952|189.1
101.8|37405|115.6
82.9|23050|18.8
80.3|21180|39.5
92.1|44704|343.8
82.2|27025|23.1
95.2|27475|42.1
91.5|32167|145.0
87.1|33710|324.3
86.4|29093|23.7
86.7|35962|283.0
93.5|37803|190.8
78.4|20200|16.5
83.3|26254|23.8
84.9|25551|44.1
90.0|28675|38.5
85.9|27492|77.6
98.8|37285|102.2
92.6|55440|180.3
78.2|18911|16.4
93.5|31628|108.6
86.1|30745|57.8
89.5|34436|124.5
89.8|29076|89.0
91.1|30815|16.7
81.0|16646|14.8
93.5|28435|40.4
207.7|47875|0.4
202.1|61406|1.2
101.6|55546|153.4
112.8|35701|0.4
125.6|52167|2.5
147.1|53654|0.1
108.8|43079|0.3
110.9|49076|11.2
103.1|40772|1.0
100.2|62034|11.3
109.9|46397|3.1
105.3|51344|11.4
117.4|54636|2.1
124.1|36442|0.1
108.1|51221|2.4
122.7|41250|0.4
113.9|63173|0.1
120.7|45976|0.2
125.6|40636|0.8
104.8|51901|3.1
120.7|40879|0.4
108.6|38776|0.2
115.9|48734|0.3
107.7|30184|0.4
107.8|46434|1.1
161.7|46786|0.1
122.6|28666|0.0
94.5|23344|6.2
101.2|32105|19.1
97.2|38256|6.2
94.2|30917|10.8
115.1|29668|7.2
108.0|39384|4.6
105.1|25839|4.4
98.1|45358|333.8
96.8|31521|11.6
97.2|28569|9.8
92.7|36758|91.8
117.0|35856|33.5
86.2|29710|31.0
93.5|34901|20.6
101.1|32182|29.0
86.0|30316|21.0
90.6|31758|26.3
89.1|29106|69.2
94.9|40281|181.3
89.7|29988|57.4
95.8|24821|19.4
88.3|28438|9.1
95.3|27924|40.2
89.9|22024|21.9
88.9|28845|27.2
88.3|25345|27.5
92.5|31531|43.5
93.2|32405|14.3
86.7|27640|33.4
91.5|31209|36.6
90.5|32425|115.6
94.2|32871|89.4
85.0|30109|83.4
89.4|29362|31.7
91.9|26608|13.8
82.9|24121|20.1
91.5|28627|22.6
92.3|38204|132.9
95.8|30848|29.2
93.1|25529|18.8
90.8|31724|130.0
96.3|37182|26.1
91.9|30828|64.6
89.7|28622|32.4
93.0|31543|49.4
91.2|28699|24.3
92.6|31920|44.8
100.9|25670|22.8
87.8|25081|29.1
93.4|31327|95.2
95.4|27910|34.4
87.8|24831|16.3
89.4|27139|30.3
118.4|20510|20.9
154.7|29607|25.8
90.3|29417|25.6
94.2|28344|31.7
93.5|40314|69.0
97.3|27895|17.0
94.8|26737|27.0
90.1|30951|64.8
87.7|27479|57.9
83.3|22632|16.9
95.0|28421|11.8
89.9|26962|16.1
98.6|24756|10.5
85.0|29341|39.3
96.2|31083|18.5
77.7|22231|38.2
93.4|27695|18.7
90.3|26558|33.8
94.0|25180|23.5
94.1|32069|67.1
93.4|29990|14.8
88.2|38120|468.9
90.5|27583|27.9
105.4|26146|46.3
95.3|42569|115.5
96.6|26412|12.3
94.8|21397|12.4
92.1|33889|214.6
97.0|30144|27.9
90.2|25152|28.3
95.3|22209|19.0
86.0|29809|43.9
93.0|27004|22.8
98.7|34691|166.1
92.9|32203|65.0
84.9|22099|14.9
96.3|28916|22.8
94.0|55946|1957.4
117.2|41875|1.6
123.4|42280|59.2
92.6|31924|123.9
95.7|41022|39.8
103.8|35062|16.3
92.2|63675|1317.9
130.3|29642|27.3
97.3|51484|91.4
98.2|34725|134.1
99.5|32107|20.1
95.6|31226|35.4
111.4|31870|34.1
92.9|35006|1.8
105.3|35446|81.3
148.8|35749|93.1
94.7|29627|46.4
192.2|36310|7.4
95.0|42189|2344.2
86.0|36286|57.6
96.4|71306|475.7
105.4|34626|11.8
97.1|35996|24.6
96.6|35532|109.2
98.7|27522|2.4
126.8|44992|4.2
107.7|48305|120.9
97.4|51738|164.9
94.7|45864|96.1
96.7|58820|3605.6
93.9|57535|176.9
97.9|36351|8.2
96.8|42887|214.4
92.5|43816|1267.0
99.6|57469|38.3
97.2|42066|85.2
99.7|47067|670.0
103.1|55221|16634.4
97.2|41282|402.8
105.2|42428|74.7
95.6|70819|1574.7
98.1|46677|145.9
101.9|74335|1303.6
97.8|53998|574.1
91.2|34335|43.1
97.9|35827|3.7
94.1|29530|7.0
100.2|54099|475.8
94.0|53076|291.0
93.4|40101|299.2
94.3|38375|131.0
95.0|31206|19.0
102.6|27711|4.1
97.7|33983|76.3
112.2|38725|24.4
97.5|59666|408.2
92.2|40769|166.5
99.4|30460|95.5
102.1|47323|305.3
95.3|29447|20.7
94.2|53570|607.6
99.5|37901|7.3
95.5|28099|1.8
138.7|28125|4.0
101.7|55861|392.3
116.2|34368|16.0
98.4|37054|1.3
110.2|50997|23.6
98.1|24744|6.5
96.2|19531|3.0
240.9|26803|7.0
102.0|34731|4.7
98.6|32785|24.4
101.1|39500|3616.8
104.5|32196|1.7
97.4|82929|209.2
125.8|62682|24.7
99.9|62480|10.7
98.8|46844|243.1
143.5|34150|30.1
105.0|47016|14.9
116.1|51942|31.7
115.7|47759|6.7
120.9|36916|4.3
109.9|37279|0.7
122.8|25775|4.9
107.8|31821|1.0
96.8|57339|682.6
97.4|30494|0.9
112.1|33152|3.7
116.7|37691|20.7
103.1|40159|26.0
98.2|48655|96.7
93.7|28273|3.2
140.7|31914|2.4
114.6|32724|11.2
93.2|35864|34.9
99.1|34844|0.9
106.2|41528|2.8
92.2|32083|11.7
94.0|35234|14.9
98.3|34568|21.1
91.5|29738|16.1
100.8|42019|6.9
107.6|51899|6.6
90.5|32177|6.5
117.4|59375|15.3
98.7|29935|8.8
92.5|32775|59.2
101.6|37711|1.9
94.4|31836|13.6
119.4|53612|8.3
99.7|25495|1.9
112.4|30764|1.4
126.4|48514|5.1
97.2|28278|5.0
144.9|56587|38.7
100.9|50165|36.9
100.1|32431|2.0
98.0|42321|45.3
94.9|33169|4.2
89.6|65249|1410.3
89.0|50756|1165.5
92.5|56273|198.1
92.1|59175|419.9
88.7|48834|1360.6
96.5|50646|389.1
99.5|59044|332.5
94.0|45115|212.8
89.6|40950|214.8
90.8|52419|1173.6
92.8|39208|167.1
86.1|40127|9316.4
93.2|31426|249.3
112.4|40035|38.0
95.8|36092|194.1
132.5|33140|89.0
93.3|40099|467.7
89.8|41691|1346.5
120.8|26575|22.9
89.4|36379|204.2
89.6|31001|202.3
94.2|48854|234.3
99.2|48289|124.1
101.7|30881|70.9
134.7|30714|50.5
117.2|26082|19.6
90.9|40703|1006.7
97.1|35234|444.5
89.9|40214|102.7
135.7|26756|20.3
86.5|31248|87.4
115.1|30328|41.4
125.4|30774|13.7
116.7|30276|24.0
145.4|25638|25.9
123.0|30183|42.3
131.4|33592|31.4
87.5|32572|273.5
92.2|30160|85.0
92.7|40663|950.6
113.6|27923|38.5
90.8|39635|224.4
111.2|29744|51.1
104.0|32998|21.6
157.8|30651|12.9
91.1|36903|220.9
93.1|40319|548.6
87.9|37517|359.1
90.8|26959|30.8
159.5|28840|8.4
106.8|26533|27.1
90.5|38673|356.3
89.9|31944|164.0
94.2|43083|228.1
90.2|35966|1157.9
114.8|42283|79.8
94.8|46022|88.5
101.5|41474|182.2
115.2|30456|46.4
95.7|41311|987.8
94.2|38214|130.5
90.5|45062|573.0
89.1|32969|462.9
87.8|37111|3292.0
93.1|36036|258.2
94.2|28180|97.6
91.5|50099|202.2
92.8|36363|336.6
97.9|41881|115.8
87.3|41957|570.3
92.9|49326|1184.9
113.9|32073|97.7
92.9|29963|50.7
104.8|30032|18.5
215.2|34563|55.9
91.8|35219|401.9
106.8|37149|37.7
105.0|32407|38.4
105.9|27922|36.2
93.3|30266|34.3
97.4|26470|22.5
91.4|26910|35.5
86.3|30338|11.9
119.7|35159|173.0
99.7|38523|61.7
95.7|45019|284.5
94.9|43660|165.5
88.0|27100|69.4
92.8|30044|35.9
80.2|34532|615.6
88.5|33448|53.7
98.1|30361|32.9
86.8|26911|33.3
94.1|48345|53.0
92.3|29499|82.1
84.6|27877|26.8
117.8|39879|104.6
139.8|24588|22.6
108.5|41056|69.3
96.4|25022|38.8
91.5|38799|174.9
90.2|39998|328.4
115.6|27869|13.2
89.4|37752|529.7
217.6|37106|59.8
106.6|30664|81.3
98.9|60896|334.9
93.2|28403|840.2
78.5|21448|17.2
90.9|42697|1658.4
96.5|26755|8.5
95.9|58289|1786.7
97.0|30710|62.5
95.5|28539|76.1
91.7|55682|307.9
89.5|27582|68.9
95.4|52706|201.6
97.6|37848|38.4
84.0|26547|80.3
91.8|35259|87.1
99.4|47486|75.8
85.9|28820|47.3
90.8|49117|2482.7
101.8|27607|38.3
111.7|27980|29.3
82.3|30934|291.5
93.8|50108|462.5
80.6|25629|24.2
114.6|25851|9.3
96.2|46505|78.3
88.5|28724|55.6
90.5|24383|31.8
89.1|25447|56.8
90.8|30612|51.3
92.0|71227|463.1
90.3|35615|176.5
100.6|68890|435.8
90.9|32134|77.0
95.0|47321|1543.5
101.3|35140|55.0
87.6|29743|17.7
87.5|38765|160.0
97.1|38831|124.0
87.4|28656|51.6
88.5|33479|37.1
100.1|60537|1359.9
103.0|36321|129.1
101.9|44908|353.8
118.2|22003|21.3
91.2|31656|91.1
93.8|47763|51.1
92.7|32833|99.0
94.1|33038|37.2
93.8|57309|369.8
93.4|43638|294.0
89.1|30257|27.8
97.8|40349|121.5
93.0|39890|30.8
93.6|27310|38.0
84.4|26120|32.7
86.7|24025|24.5
83.5|23848|28.1
91.3|43301|60.0
88.9|37087|86.1
101.8|29171|38.8
88.4|32010|55.2
100.2|48600|69.6
115.1|33477|118.7
91.9|31952|39.5
100.7|30640|25.7
97.6|32132|182.7
92.6|39167|73.9
84.5|31920|81.7
91.9|30102|25.0
96.7|24224|34.9
93.7|36347|90.6
92.8|29145|19.5
86.5|31870|44.8
83.9|27335|22.6
101.0|26581|46.7
97.2|44195|55.0
105.5|30240|33.7
89.9|40249|44.2
97.5|36996|106.0
91.6|34798|861.4
90.2|44875|224.3
92.9|55211|141.2
92.3|35578|28.6
96.8|52161|260.6
89.8|34453|156.7
94.2|41387|99.0
92.4|29895|45.6
97.7|44370|62.7
95.7|32328|122.5
65.6|31895|38.8
96.4|36956|54.6
85.1|25875|17.1
94.5|33899|40.6
78.1|22004|18.2
89.8|33086|616.5
96.4|53599|536.7
88.7|32035|22.5
86.8|29312|23.7
86.6|27094|39.4
88.9|36221|295.1
87.9|29466|141.9
85.4|24789|11.4
81.9|30904|68.4
84.4|26611|16.5
87.3|23750|10.6
146.3|28664|46.1
92.6|25148|23.4
113.2|26097|26.7
82.6|26969|32.7
84.8|31115|77.9
91.5|32616|144.9
88.3|26811|71.1
87.8|31950|55.9
97.1|24644|34.2
86.7|35469|142.0
87.0|25676|33.2
90.6|31608|29.4
94.6|31893|53.6
85.3|31201|84.8
90.9|32406|136.7
93.0|46479|184.4
94.5|28360|39.3
79.9|27366|22.2
75.2|29910|31.1
109.8|32766|41.2
94.0|27992|11.4
139.8|24053|20.8
94.8|36084|82.6
98.9|39377|288.0
131.0|27483|22.6
88.0|27644|22.7
88.1|32723|22.9
87.8|32384|38.6
97.7|39805|36.9
99.7|51914|1460.8
102.8|9333|11.1
97.5|45020|93.9
100.2|49489|110.5
98.9|46140|285.2
102.1|28423|2.5
94.4|36683|67.9
96.7|32162|6.6
101.1|31517|11.8
97.9|36423|19.9
106.8|50496|7.2
106.3|38651|3.5
98.2|32803|21.2
96.2|41805|44.2
100.6|31250|7.8
99.3|30473|1.3
102.2|34167|0.9
96.3|35884|222.9
98.6|37609|4.1
98.7|33322|8.3
112.2|31576|0.6
115.9|32071|3.6
106.8|32174|0.9
130.6|35256|9.5
98.3|36061|17.0
105.8|33424|6.3
96.7|34460|27.0
102.0|31888|19.4
104.9|29515|1.8
101.0|37737|17.5
104.5|34696|30.6
94.9|37754|87.3
108.1|32524|32.4
97.5|30185|1.7
98.2|31413|7.8
105.8|32484|3.4
83.6|32607|58.3
97.8|32021|26.6
93.8|36282|44.1
100.4|34309|3.4
107.6|28339|1.4
94.8|33046|50.5
99.9|32226|5.4
97.0|28535|5.2
114.5|41968|13.3
93.7|34506|33.4
104.4|36927|2.1
93.0|30625|6.9
89.7|34784|79.7
96.1|26042|40.6
119.6|37680|46.4
97.6|52397|148.6
194.5|35445|22.7
91.5|40233|40.9
100.4|34375|20.0
95.1|37148|37.5
94.7|35243|36.4
99.7|37780|180.2
97.3|36561|49.9
90.8|35967|33.9
89.1|30599|31.0
106.8|44618|74.9
88.1|32286|104.7
90.5|45922|5685.6
106.5|32531|46.1
93.3|36149|32.5
96.5|45828|140.3
93.5|41256|42.3
92.0|39439|47.8
94.2|67887|2710.3
93.4|35203|31.6
91.5|31816|31.4
93.5|39379|71.6
111.5|31873|30.4
87.0|38073|29.3
89.0|28411|94.7
104.5|33952|44.2
90.0|26118|19.9
94.0|31754|27.2
97.4|51719|89.4
91.0|30496|19.8
90.2|36654|25.3
100.5|27693|26.9
97.7|36405|21.7
92.5|39854|62.0
91.8|38071|28.1
102.9|24946|101.4
95.3|34721|20.5
104.1|33555|70.1
92.4|42065|58.7
97.0|40411|37.1
160.2|33326|37.4
98.8|59351|776.5
91.9|41532|153.4
95.9|64625|170.1
96.6|35407|78.0
99.3|66973|1439.7
96.4|40308|98.3
87.8|30361|41.5
104.8|40967|49.7
95.5|41342|38.0
98.7|39389|50.4
93.8|32141|55.9
98.0|64826|430.9
90.4|47021|127.1
87.5|37859|197.6
90.9|36190|56.8
88.9|41541|357.2
88.5|35227|72.9
94.7|41576|34.1
93.1|35985|29.8
87.9|31498|63.4
92.0|46596|39.7
94.2|40893|30.2
93.6|55320|71.1
106.4|33123|43.6
97.0|36933|64.4
89.3|40084|42.6
96.0|45448|67.3
88.6|39978|296.1
114.8|33281|52.4
91.9|45752|37.2
95.3|31127|20.9
101.2|30048|11.9
89.3|25361|36.6
96.2|45492|38.1
119.9|37013|58.6
89.8|31185|44.8
91.4|38608|350.0
87.2|39148|385.8
86.5|28768|69.7
87.3|42957|217.6
95.6|35233|16.4
92.0|36566|22.1
94.7|37313|30.2
90.1|35826|22.0
90.3|40366|86.8
94.1|45250|198.0
91.9|30994|44.0
94.8|34071|93.3
92.7|34473|57.9
91.1|36224|34.5
95.5|40932|26.9
90.0|30481|24.0
89.5|29601|31.1
93.1|40354|88.6
97.4|62238|600.1
91.7|31991|144.8
92.6|43886|541.9
92.9|51394|67.2
93.8|40625|99.1
92.9|42671|504.9
93.9|44184|175.6
92.1|39813|23.2
92.8|34760|85.1
90.9|49632|109.0
98.1|43708|47.9
96.8|42677|54.2
96.9|39193|99.1
91.7|40111|257.2
92.1|36865|74.3
93.4|40759|83.6
97.9|32646|35.1
93.6|34064|69.2
96.0|48899|151.1
94.4|40401|65.9
96.4|44909|111.0
89.2|34659|302.0
96.3|44169|92.2
96.1|44478|394.1
90.7|38840|119.0
89.9|44022|478.5
93.6|38119|45.4
97.6|43530|57.4
94.4|38290|55.7
93.4|37515|66.5
88.9|36162|177.3
93.6|33998|61.2
93.5|71026|459.2
94.5|56416|180.9
97.2|43423|70.7
99.4|55208|254.9
90.2|38150|123.5
90.0|43487|289.9
91.7|41620|99.5
94.6|39401|81.2
95.4|43369|53.7
92.5|35700|56.8
95.6|38189|87.7
96.9|39402|73.0
92.8|52693|359.8
95.6|31362|76.1
97.3|43939|137.8
98.6|42848|92.0
89.0|41829|975.0
105.3|41430|184.1
91.5|36280|102.3
94.4|38925|295.0
90.0|40421|2171.5
94.9|42581|101.6
100.2|36411|30.8
102.0|39184|96.1
94.0|33311|305.7
97.8|41297|74.6
96.5|47739|164.1
96.6|40944|36.2
99.7|42700|112.6
96.2|41348|64.8
94.7|31564|48.3
97.8|36529|56.6
85.8|35724|38.8
107.7|36246|49.6
96.8|34759|38.2
93.9|53100|351.1
96.3|44209|66.2
99.7|35422|31.7
108.9|38882|75.0
92.8|34544|60.5
94.0|41426|59.4
93.2|38152|44.7
89.8|40420|580.7
95.6|34656|120.6
95.8|43649|105.3
100.0|42451|51.1
95.4|37243|76.2
101.2|44089|107.6
116.3|32976|48.6
99.2|37092|41.0
105.1|38652|298.0
91.6|48546|63.7
93.7|36672|45.5
86.4|36823|732.9
92.0|34837|65.4
93.8|33184|262.5
90.9|40413|84.6
95.7|41825|23.1
93.6|48814|136.4
97.2|36630|52.9
88.1|34885|176.2
93.2|43934|74.6
93.5|40707|50.0
96.0|45503|91.5
93.0|35179|14.5
92.7|30453|10.6
98.9|33967|22.9
89.5|28612|27.6
89.1|32215|15.4
95.8|42427|35.3
88.8|37266|225.7
91.7|40763|45.9
89.3|40826|53.3
94.4|38036|36.9
97.4|35300|35.5
93.7|35883|26.4
97.6|33286|19.5
92.0|37275|37.6
90.2|32922|26.0
94.6|42198|31.4
89.1|35867|81.7
92.7|35142|22.6
96.5|37649|25.9
94.0|34474|21.2
90.9|35799|30.5
95.5|34068|24.0
91.2|37423|72.2
98.8|33922|23.7
93.8|48528|69.5
94.1|32864|17.0
91.9|27343|16.3
96.6|37168|31.8
90.3|36790|101.8
92.3|39020|43.1
91.3|39582|146.6
93.3|33305|27.9
95.1|32453|30.1
90.4|35237|33.8
93.9|36042|18.4
91.8|38345|15.7
89.2|33883|18.2
92.1|39396|24.6
94.3|36495|19.2
94.8|38658|28.5
95.0|37703|21.2
90.1|35429|33.0
91.8|38141|22.5
102.8|39087|46.8
96.3|34641|21.0
92.2|38201|23.9
91.4|34805|18.2
93.2|41222|26.7
93.9|34529|31.9
99.7|41683|51.0
93.6|33851|37.2
97.3|40060|180.7
111.6|37449|35.1
91.8|34025|19.7
94.0|34562|17.6
96.4|36193|73.5
93.4|46206|267.2
96.0|39086|30.3
91.1|30876|21.9
94.6|36878|20.0
93.1|41845|25.0
96.9|37314|39.1
95.8|42401|57.8
96.5|38268|68.7
96.7|42428|33.3
92.0|34843|23.2
90.5|33235|14.5
92.6|34877|18.5
87.3|33214|27.8
94.9|41803|95.1
92.4|35758|26.4
94.3|34274|17.6
101.8|35466|31.7
92.1|32409|18.0
95.7|41638|28.8
93.2|33362|15.0
90.7|46116|657.9
92.6|40089|91.9
88.8|37836|32.2
89.4|29110|10.2
91.8|32874|20.0
92.5|42701|346.5
93.3|37442|22.3
93.5|40536|41.1
104.4|40442|139.6
92.5|37419|25.1
92.0|31297|13.0
89.0|31905|29.0
97.9|31094|16.1
91.7|32188|83.5
91.8|50349|71.1
90.1|39103|36.3
90.8|29380|12.8
98.2|35334|56.3
92.9|38381|29.3
94.3|38908|30.9
92.8|38509|119.0
95.2|36444|19.8
92.3|36197|24.7
90.7|31481|28.6
93.5|33244|13.9
90.3|34355|38.8
89.4|33407|4.7
90.1|32176|31.5
88.5|31199|24.1
89.8|31971|18.8
98.8|45474|41.7
99.4|32656|3.9
91.2|28717|6.8
90.7|30505|38.5
92.4|30599|3.1
88.5|33857|2.5
95.6|33965|13.7
86.6|31758|14.3
92.5|37839|14.1
87.5|29415|2.5
94.2|34406|32.2
92.4|29409|64.5
91.4|30257|3.9
91.6|35975|22.8
96.2|32537|21.0
97.7|37547|218.8
95.8|30530|5.5
91.7|27267|5.0
92.6|32339|30.6
114.1|35772|9.1
103.3|38474|31.1
105.3|37860|29.5
94.1|39052|43.2
94.3|31917|72.6
92.3|33510|2.9
92.2|31286|3.3
97.5|39854|13.8
96.2|40000|6.8
92.8|34605|2.0
91.5|30169|6.7
92.6|32033|2.7
91.4|29776|8.2
91.6|40907|60.9
98.3|38634|7.5
96.9|35994|2.4
93.8|40451|19.3
98.9|45535|34.4
96.0|30538|4.2
92.0|61455|946.1
98.5|40149|5.2
93.5|37790|10.0
95.1|31576|4.5
92.0|30875|35.2
97.7|36047|3.0
116.9|48114|148.3
92.4|30893|5.0
97.6|35906|16.0
93.0|32131|2.8
95.2|32819|42.2
92.9|41138|32.8
92.2|34500|14.2
94.0|32089|12.1
95.0|36761|4.7
96.0|46665|49.2
97.5|33385|9.9
88.6|30997|56.2
93.3|32163|8.8
93.7|37232|4.8
95.1|34296|14.9
91.1|32167|29.7
95.1|32340|3.2
122.9|31050|6.8
93.3|37928|23.8
92.6|29145|5.0
95.9|38009|8.5
112.7|35175|9.6
91.2|35013|6.8
96.7|40176|21.6
91.3|35529|13.1
95.1|32105|2.8
99.0|35510|51.6
90.8|30494|8.1
88.2|35671|14.8
115.4|32042|103.1
94.3|30457|6.4
90.6|31268|4.9
88.7|29284|8.3
94.4|37308|74.5
94.4|40534|7.1
95.2|42485|453.2
103.7|36752|35.2
90.0|40988|309.0
95.8|33547|3.1
101.4|32684|6.4
90.4|28486|5.1
91.4|31107|6.0
103.2|40172|3.5
92.5|41830|7.5
93.9|39415|22.0
91.5|37034|7.6
87.6|29677|3.7
101.3|41710|8.6
99.4|33000|1.9
97.8|29363|7.2
102.6|33462|3.5
89.6|29747|18.0
96.8|25335|7.6
91.3|33784|1042.9
91.6|24055|42.4
93.3|31238|51.4
93.0|45433|94.3
94.0|32130|33.0
89.3|31240|77.5
94.8|26018|39.7
88.0|19057|83.3
94.7|53593|349.2
91.0|35038|66.4
93.1|32749|310.6
96.0|35241|152.3
95.9|34823|40.7
92.7|19155|32.5
96.3|30554|32.6
97.2|45106|204.8
96.2|29405|30.4
89.9|28686|37.6
91.0|30134|88.5
89.1|41903|584.7
92.9|30087|27.8
99.0|35925|78.1
93.3|26427|65.5
92.6|21580|34.7
107.6|31177|100.2
89.8|39946|130.3
112.6|16271|52.1
91.5|19563|48.8
92.5|29060|25.9
89.1|21572|23.4
88.3|36813|198.0
94.3|25413|38.5
93.5|21014|28.8
91.2|23318|60.3
94.3|39813|915.6
93.2|27990|39.3
95.0|21168|107.6
89.7|40011|226.6
82.0|24382|37.1
96.0|36422|79.7
93.0|34284|64.0
94.8|38438|86.1
91.5|30874|66.6
95.8|27639|47.8
91.9|25463|39.9
89.3|32142|106.6
95.8|36914|44.4
100.5|37744|150.0
87.8|18665|71.1
92.5|36210|58.1
93.2|25378|41.9
90.6|35892|101.9
95.9|37263|52.1
88.9|31615|21.5
87.7|30868|84.5
95.2|20177|39.0
87.6|39457|1801.2
92.8|40096|225.5
90.7|24911|89.6
91.9|43906|935.2
94.1|20373|50.1
88.7|18294|82.0
92.9|32056|50.8
92.8|27015|121.0
93.0|21610|37.2
111.8|18544|37.7
91.2|18546|30.7
92.1|21110|74.6
97.0|22208|29.1
94.1|26542|69.5
97.7|31776|31.0
90.4|32474|47.8
138.1|31694|37.5
86.3|33865|261.0
93.8|19348|39.9
93.2|29675|39.1
90.2|32861|160.8
94.4|19421|43.1
101.6|30387|52.6
93.5|35573|98.8
92.1|18279|54.5
89.5|30195|69.7
98.3|36966|85.4
98.1|22064|32.2
89.7|35555|83.0
92.6|23540|34.5
91.0|22356|35.5
91.0|31746|113.6
128.4|21869|36.6
96.2|28566|67.1
94.5|39010|88.7
89.3|29886|34.7
94.2|29557|38.6
117.9|63229|244.1
97.8|33310|30.0
96.7|15805|24.5
97.9|38125|51.3
91.3|22089|85.9
91.2|23930|87.3
95.0|25515|73.5
91.9|27370|85.0
92.5|30581|22.6
94.6|23475|52.2
93.1|28055|78.7
91.0|22042|64.4
90.7|47081|116.1
91.3|45534|86.8
91.6|36432|69.5
99.5|47042|63.3
88.7|28089|85.0
92.7|29718|31.8
94.1|33002|28.4
94.8|36192|54.6
99.3|35018|45.3
93.0|36151|169.7
91.9|33136|36.3
94.9|20863|43.4
93.3|31529|42.2
89.6|22075|81.5
96.1|19310|31.7
91.2|49491|121.7
88.8|26684|89.8
133.5|27777|33.3
93.5|44288|262.8
90.9|31168|69.1
93.9|23851|49.8
98.9|32582|28.4
85.8|23663|19.4
92.8|39203|117.1
84.9|31467|285.9
91.3|35372|171.4
100.2|26972|19.9
99.4|34232|7.6
98.0|22528|15.5
98.4|25344|22.3
91.9|22742|29.1
87.0|28252|29.1
87.5|37224|906.5
106.9|20723|22.4
119.4|31631|47.1
98.1|20532|53.3
86.4|22964|34.1
93.0|29622|29.0
89.8|31204|127.4
98.5|29039|53.9
87.5|28352|27.0
88.6|38435|1485.9
87.5|27736|48.2
91.4|36518|706.0
91.3|34910|82.9
97.2|28189|22.9
90.9|26977|90.2
94.5|38887|141.7
95.6|20509|22.0
86.1|25124|39.1
85.8|25722|31.1
83.3|27133|2684.3
84.5|32047|241.2
97.3|38173|31.7
90.7|30618|40.8
88.0|29856|95.5
85.4|23153|24.7
84.3|23668|37.6
92.6|26655|27.1
90.1|35939|144.6
91.7|45139|169.5
87.6|24970|25.8
89.4|35277|86.2
90.7|39456|196.6
86.8|22855|94.4
93.0|30701|65.7
92.2|28072|87.3
92.4|47883|223.9
88.6|29412|127.3
96.2|19799|11.0
94.1|35235|83.3
90.9|29061|26.0
89.8|29500|45.8
109.7|31216|39.5
92.8|24264|65.6
88.2|28408|70.3
93.4|37117|113.0
99.5|24637|34.3
223.6|39667|37.2
113.2|25462|17.8
91.2|35793|220.7
92.7|28837|11.1
90.2|44048|317.9
89.2|31459|17.4
92.1|35811|32.6
90.8|36498|135.0
93.0|36774|108.3
92.0|38686|73.7
93.7|33435|26.3
92.3|34274|42.7
95.2|28250|4.3
93.1|41908|138.7
93.3|30731|13.0
93.8|33986|49.7
93.9|25869|13.2
91.4|43630|188.5
96.9|30821|176.1
97.1|61768|1177.2
86.0|50667|1260.1
94.0|65945|346.5
91.7|38832|93.0
94.0|60021|336.0
95.7|50510|246.9
92.2|62199|261.5
86.4|34077|55.0
93.9|60276|294.6
93.8|32238|46.1
92.5|57234|496.4
92.9|74167|983.3
88.9|39869|68.7
88.1|71551|1762.5
87.2|55256|1651.1
96.8|57037|109.0
100.8|54706|238.6
119.1|29903|75.6
87.6|43532|125.6
104.0|40617|288.0
86.8|39035|224.4
92.3|40650|98.4
82.9|30078|8058.4
86.1|45933|561.9
88.1|39047|144.9
88.5|43496|961.7
92.1|45559|144.4
87.8|51576|1444.9
90.5|40768|101.9
87.7|39718|737.8
83.9|46098|287.8
90.7|60821|1779.6
105.0|55522|199.1
87.6|63432|1627.5
91.3|55615|715.5
90.5|39355|11788.4
92.1|47874|496.3
99.2|31362|17.4
120.6|35892|10.7
97.6|45813|127.7
92.5|34177|54.5
96.8|38107|48.5
104.4|32805|47.1
114.3|33673|9.7
98.8|46820|102.1
91.1|38646|248.0
96.4|37350|49.8
89.9|38567|284.5
101.0|38760|90.2
90.8|38918|194.7
97.4|41264|103.8
94.8|39788|62.6
96.5|33417|37.0
132.1|34464|24.7
95.6|28845|55.1
95.6|52806|113.3
100.4|33364|25.6
93.6|35511|32.9
92.6|34825|35.8
91.5|49588|179.8
93.7|40222|67.2
88.5|41951|681.9
95.3|32019|51.3
100.1|27405|15.8
92.1|43169|167.0
109.1|37262|74.2
96.2|40396|77.7
115.6|28817|35.6
95.5|35315|43.1
90.1|40774|499.5
120.4|43074|107.3
93.6|31321|49.8
96.5|28560|11.3
88.6|34262|110.3
103.7|43171|224.2
90.5|42022|424.7
98.9|36072|29.5
93.7|45980|670.8
104.1|28140|4.3
107.6|26622|20.0
101.1|51717|134.4
97.1|47062|60.6
98.0|45739|131.8
99.7|67400|276.1
132.8|32031|7.8
97.2|33356|11.7
92.9|52102|1640.5
102.0|34208|45.1
100.1|35548|35.5
94.4|34704|57.1
102.2|33849|73.0
97.4|32888|24.3
93.3|45674|159.0
98.0|35224|25.5
95.2|51743|264.8
106.0|37218|86.5
94.9|30005|18.8
95.4|38008|334.3
97.2|37130|56.8
92.7|61907|1368.6
98.7|35307|49.7
95.5|30474|38.4
101.5|29552|6.0
94.7|34102|41.0
95.3|28228|16.7
96.7|40876|45.3
94.2|52347|421.3
97.1|31656|21.8
94.3|30029|48.8
88.4|38637|259.6
94.5|46313|226.7
95.0|40355|123.9
94.8|36870|46.2
99.2|31140|7.6
93.5|42553|133.1
96.2|40174|71.7
94.6|39365|124.8
97.1|51990|454.8
88.1|40776|3356.1
93.8|35363|53.9
99.9|31139|8.4
99.3|57754|703.7
97.8|34797|22.9
93.5|33392|15.8
96.3|41968|83.8
91.1|30721|11.7
97.4|38940|74.4
95.9|39800|44.1
102.2|40021|36.8
98.0|65540|196.6
100.6|34332|13.5
91.3|35582|22.5
101.7|52012|98.4
89.1|37889|49.0
100.3|30517|8.5
98.5|36640|3.6
91.5|31943|19.0
94.5|37589|55.3
94.7|61863|624.9
97.9|47437|40.3
96.9|37703|51.7
92.5|34440|22.7
95.8|36651|24.5
95.0|36964|46.0
95.4|46972|58.2
94.3|33775|11.5
94.7|51711|2005.3
95.1|40680|35.3
98.0|35321|19.9
98.8|50127|71.3
98.2|36234|16.5
99.3|36746|16.1
100.0|38520|28.6
94.9|39772|51.8
98.6|32515|4.8
95.2|36262|4.6
95.6|32626|10.5
99.6|40402|5.3
102.6|32861|3.5
99.7|45933|56.7
94.8|31607|12.0
93.2|38996|35.6
96.1|45953|70.9
98.4|30053|9.3
102.1|34804|5.7
91.5|34810|30.7
98.9|40908|37.2
96.1|36977|38.9
99.5|37047|28.2
93.6|36654|54.3
97.0|34966|13.0
96.9|46170|65.8
98.4|35684|29.1
96.8|32535|8.5
93.6|51316|190.3
97.8|35395|28.9
94.6|34216|22.0
108.3|37379|18.8
89.4|31909|21.2
95.5|35105|15.9
92.9|35633|16.8
89.2|45722|3280.6
99.9|32052|9.9
96.5|37352|19.1
98.5|37652|17.5
100.3|48651|113.9
93.0|38102|20.1
104.0|39852|9.8
93.8|36306|32.2
100.0|66612|250.9
103.2|57014|147.6
99.9|41458|26.1
99.8|42426|99.0
95.0|46106|78.4
91.0|37267|17.9
124.6|34820|16.1
102.0|32281|25.9
93.8|30617|7.2
97.9|42117|41.2
94.9|30651|25.6
111.3|42440|46.1
96.8|66305|513.5
94.5|35441|27.3
96.1|38093|9.5
91.8|38700|79.8
99.9|53945|136.2
94.9|34393|14.6
81.1|25234|74.6
89.6|29041|86.4
89.8|26033|18.6
86.7|24794|26.7
91.8|24149|19.7
81.7|23428|46.4
87.0|27113|25.7
97.0|28878|17.2
87.4|26364|38.8
88.4|27020|23.3
81.4|22615|24.3
87.1|26610|26.0
83.6|27372|53.8
77.5|22338|55.3
89.1|26358|37.0
90.4|26669|46.9
95.0|48206|224.3
85.3|27420|155.6
86.1|24885|15.0
98.6|34730|40.0
141.0|28336|18.7
83.9|27385|55.2
95.5|35202|90.1
97.5|35624|326.3
83.5|33991|288.5
79.3|17235|28.6
78.7|20566|26.8
130.1|19936|5.5
92.5|31156|42.8
95.9|39118|180.8
87.3|24441|26.8
99.0|18447|18.8
84.7|21834|34.2
90.1|28786|93.6
88.3|23998|13.6
94.6|28517|61.4
90.1|37628|78.6
85.5|30768|111.1
88.3|28495|30.8
94.2|27055|35.9
87.5|36165|168.5
87.5|21518|64.1
88.6|27279|56.6
84.2|32123|122.6
86.2|46970|104.1
88.8|24555|47.2
96.5|28756|49.5
84.7|30307|49.7
81.1|25270|30.0
88.3|28300|50.3
88.7|28735|37.8
84.6|22330|18.1
99.2|24899|93.7
86.5|26785|50.1
91.0|30912|59.9
91.1|27189|18.8
83.2|24562|95.2
90.8|32055|53.7
89.4|28446|61.6
79.3|20636|25.0
92.5|44946|148.9
90.1|26686|46.7
82.4|22285|15.4
90.4|28343|46.9
91.6|30840|25.4
96.0|30495|30.6
120.0|24970|49.5
84.4|22229|23.1
90.5|35836|62.7
90.2|29300|45.5
89.8|28315|45.2
85.9|23270|20.3
90.0|32682|61.0
86.2|22945|37.5
84.4|35056|84.6
80.3|25757|87.0
87.7|25918|26.2
89.4|28834|24.4
106.6|18929|15.2
88.3|28256|33.2
86.2|26315|27.9
103.6|24795|30.6
84.5|26677|44.1
93.0|40688|37.9
91.9|30959|11.8
78.7|32057|37.3
95.6|28906|43.7
92.4|29275|21.1
91.5|30731|19.6
96.7|26646|24.4
95.8|30462|19.4
90.9|37485|197.6
93.9|34704|209.9
87.1|27228|58.6
93.9|31240|20.9
108.9|39110|48.6
97.5|35840|56.6
90.0|36458|118.7
90.4|30643|14.8
94.2|22863|11.7
92.9|49562|117.4
90.5|26694|28.9
91.3|32285|11.2
91.5|38085|96.4
94.0|29457|14.6
91.8|48347|464.3
91.6|41629|45.3
106.5|42924|182.4
120.0|35313|29.5
94.6|30860|30.7
92.5|29097|16.2
95.7|27346|28.9
90.9|30855|14.1
168.1|31654|27.3
90.7|27193|19.8
93.3|25918|16.1
85.1|24878|60.8
95.8|43474|101.7
92.9|35047|29.5
89.9|28750|14.0
91.2|34157|356.1
87.2|27333|23.9
89.6|28707|12.2
91.3|30949|31.3
92.7|25346|22.4
92.8|29461|11.6
94.4|31614|21.9
88.5|25628|40.1
90.8|26080|19.4
89.0|39277|1082.7
90.2|31323|163.6
95.9|46338|301.6
100.4|35391|58.1
91.6|27124|8.6
92.9|29562|42.5
92.0|38235|52.4
92.1|31239|57.4
91.5|30651|20.8
97.9|42592|61.8
85.7|28242|22.2
79.5|32290|27.2
99.5|27010|40.2
90.5|30195|19.6
87.7|25601|23.8
97.9|31925|16.9
85.7|31774|64.6
92.6|29640|8.3
93.7|30977|39.8
82.7|23012|32.5
116.8|37168|35.6
93.1|30871|14.4
93.7|32772|22.6
95.0|30659|32.3
86.5|26826|29.1
92.3|35041|84.0
97.0|31781|25.0
92.8|22359|13.1
102.5|39565|21.6
96.3|25861|12.9
83.3|21911|40.7
97.5|36632|38.2
91.7|31822|57.5
102.9|29378|59.2
123.8|32373|27.3
95.5|55849|175.5
90.9|29656|42.4
115.4|34247|75.3
91.9|26282|10.1
98.9|37094|20.4
108.1|31464|51.1
96.3|41886|41.0
98.6|25867|8.2
93.1|22761|21.5
94.1|57258|506.6
94.3|25321|14.3
100.5|39200|35.5
101.9|31199|123.8
85.7|50532|2001.4
93.7|32743|31.4
90.8|27385|13.5
87.8|27409|11.4
86.4|31352|96.0
92.6|20878|8.3
90.0|29448|13.6
88.2|26987|35.9
93.1|32637|61.9
97.7|26107|11.1
90.4|30898|62.8
90.1|24545|19.5
88.0|30021|24.5
96.1|41016|56.9
106.4|27112|30.7
94.1|24007|17.4
100.3|31929|52.3
90.6|27471|8.9
90.6|24691|26.3
84.2|27156|5622.9
102.5|28962|1.7
91.0|27684|2.5
96.3|25247|1.7
103.7|32689|3.7
97.3|32139|4.7
96.7|26313|0.4
95.7|32971|29.8
97.1|29150|1.5
91.2|30000|3.1
97.9|27306|1.4
99.9|31393|3.8
97.3|26305|12.8
96.7|29944|1.8
93.4|30409|2.7
96.1|34466|14.6
108.7|38120|26.0
103.4|25917|0.3
94.1|27921|4.4
103.2|27308|0.9
102.6|27813|1.6
96.4|30781|5.8
100.4|41506|6.1
103.9|29241|1.2
93.1|28740|17.7
94.0|37360|16.1
93.6|30284|1.5
100.5|26754|5.2
103.3|29718|0.7
103.9|30233|1.9
100.4|29375|0.8
105.6|27143|3.2
98.0|34454|36.9
95.7|25527|2.4
96.1|31739|5.6
111.0|24107|0.3
95.6|28702|0.9
95.4|30464|4.0
95.4|28398|0.6
151.4|30625|3.1
106.1|25451|0.7
95.4|31992|15.1
94.9|32110|4.6
93.7|24834|4.5
99.2|35898|1.9
100.5|26852|3.7
96.8|29518|2.4
96.3|30402|48.2
102.8|39205|4.6
98.1|32422|1.9
96.0|30197|2.8
107.2|30169|2.8
101.9|29830|0.9
95.1|30979|1.6
99.2|24492|1.6
92.2|28224|1.2
91.6|36727|49.1
92.8|37160|55.3
94.3|30114|8.7
107.4|27375|0.6
101.0|31339|1.1
100.9|25278|0.8
96.4|31444|9.1
94.6|39366|11.3
94.6|26075|4.5
92.3|28356|2.9
92.4|36782|43.7
91.8|33954|15.8
101.2|36331|15.0
95.0|46515|43.5
97.1|33435|13.0
94.8|32351|4.5
93.6|29268|1.0
92.2|33438|8.2
95.0|34259|12.3
105.7|35849|25.3
99.2|33186|17.8
91.7|30677|4.6
97.1|38834|76.8
91.1|29476|6.5
100.9|36132|24.1
95.5|32981|4.8
94.5|34201|13.3
90.0|37188|67.7
92.9|43209|1400.7
93.4|27010|2.5
91.3|35162|11.5
91.0|29304|6.2
98.5|33038|3.2
88.0|30498|7.4
91.4|34908|26.9
91.4|26458|1.3
85.4|27407|3.3
101.4|36827|4.7
105.8|34821|1.0
92.2|28375|4.8
96.2|36972|98.0
96.1|40277|17.3
96.8|30679|6.8
102.6|26667|1.5
92.6|28287|4.4
93.5|30738|4.8
84.8|27868|1.1
97.3|33305|11.5
91.8|32629|14.5
90.8|32460|11.9
94.6|39247|13.3
92.8|32325|8.4
101.9|24911|1.3
91.2|30586|4.3
95.2|27564|8.5
98.5|41850|298.4
93.4|36568|13.5
99.6|33125|1.4
100.0|26250|1.2
97.9|25750|0.6
94.8|35807|61.5
94.9|34961|16.9
95.6|30235|3.8
101.9|31267|9.1
92.0|32588|18.5
91.9|28958|8.8
91.8|37302|25.0
91.3|29000|7.2
95.8|34205|3.6
92.9|37319|18.1
95.1|32239|13.7
95.6|39359|46.7
95.7|37819|12.8
91.3|32293|16.0
90.0|29884|17.2
89.9|25795|1.7
95.1|35914|24.1
96.2|53804|509.7
98.1|42173|26.3
88.3|32016|50.0
102.5|42700|28.7
91.5|29484|2.5
95.5|28646|5.9
102.2|29851|0.7
96.4|36676|15.0
92.8|30740|10.5
90.8|27292|1.0
95.4|28170|18.2
90.5|27926|8.2
96.2|48500|48.1
92.3|32366|22.2
91.6|30026|7.1
100.0|26771|1.5
88.8|37093|25.4
99.1|40808|4.9
102.8|44616|173.9
100.7|51849|58.1
109.4|48383|2.6
118.7|33203|0.3
113.2|41417|0.4
110.2|47147|1.7
105.5|46067|1.1
108.2|31979|0.4
100.0|40699|17.3
98.3|32891|1.3
104.7|36024|1.8
182.1|40670|1.1
103.1|45490|12.9
101.8|45815|53.5
138.5|36688|1.0
108.2|41809|365.9
95.1|43605|140.4
94.2|39990|46.8
91.7|42382|104.4
92.6|33593|18.4
94.3|41962|47.7
94.7|53384|434.6
93.7|48522|145.8
95.4|58150|399.1
91.1|44803|304.4
93.5|40938|75.3
90.2|43933|450.1
89.4|65241|3775.5
95.6|58608|526.2
89.1|48097|2289.4
88.8|41591|401.0
103.5|39150|299.3
86.4|44944|6285.4
90.2|54273|784.3
94.2|40293|13043.6
95.3|79888|283.7
92.0|56613|1552.5
93.5|61446|2422.1
90.9|64271|1303.8
92.7|77340|1002.6
86.4|46443|803.0
90.8|49210|2639.3
90.2|45573|190.3
92.1|76933|976.4
95.6|65266|276.6
88.9|55339|5059.0
91.1|56100|286.2
92.9|38788|477.4
101.7|23892|0.5
91.6|28513|10.1
92.2|27774|5.6
98.3|30744|3.8
94.3|28917|32.0
92.1|25441|1.0
93.5|29808|45.9
92.7|31998|12.4
91.3|29134|7.8
126.3|24783|1.5
102.5|26111|0.4
97.0|24819|1.7
99.0|29799|12.6
93.3|33886|4.0
99.7|78993|167.8
93.2|20784|8.4
89.3|25005|13.7
100.2|24518|2.7
96.8|30861|9.4
91.5|24894|3.5
97.7|29429|7.0
93.5|26586|7.4
91.7|44949|24.2
94.7|33762|20.6
93.9|26524|6.4
93.4|42207|67.7
97.7|24152|3.2
103.9|23439|2.7
93.7|26762|13.6
106.2|30446|5.1
96.3|28080|1.1
99.1|34099|62.0
87.8|42935|562.7
98.1|32106|48.5
80.7|27611|31709.3
89.9|35347|283.7
92.5|33404|64.1
101.8|37487|118.2
92.2|33458|131.6
95.3|36415|223.1
94.7|33679|57.5
104.6|37028|76.9
95.3|41915|99.2
90.0|34364|97.3
93.8|32461|33.2
98.2|53086|349.5
87.8|38567|910.0
108.6|34823|21.6
126.6|31517|31.3
93.6|33663|111.0
95.0|40542|122.2
108.2|36493|74.4
99.4|32287|3.1
91.7|32924|45.7
108.5|34006|87.8
83.1|32135|34916.6
97.6|34361|21.1
99.0|42066|101.8
93.8|40184|105.9
89.2|44891|1115.3
87.9|32128|122.8
89.0|72030|4655.0
87.9|47030|66940.1
89.5|38136|420.4
96.3|35909|194.2
87.7|40847|587.4
92.7|44579|155.5
97.5|52058|418.2
95.2|37972|112.9
94.4|36598|128.4
90.0|33444|61.5
97.3|72279|414.0
89.6|42439|20409.0
93.7|42905|233.3
89.6|55039|7587.9
91.3|67971|1645.9
102.1|32356|41.7
94.6|49460|247.1
88.3|41739|711.1
97.8|36585|50.8
96.6|36010|58.5
99.5|37140|102.6
93.2|35479|70.9
92.8|65288|1556.0
102.8|36998|76.3
93.9|40266|99.8
95.2|37272|202.7
96.6|42551|157.8
91.0|39198|72.8
104.5|37668|73.1
95.5|44157|155.2
87.3|63582|2133.6
122.4|39895|73.2
91.3|34640|72.8
89.0|39168|304.2
96.7|38684|129.2
95.5|29244|45.5
95.8|29849|47.5
94.9|28824|57.2
112.9|30627|69.5
87.5|31066|54.3
82.0|25177|28.3
88.7|26877|36.9
94.9|35888|85.6
88.9|36666|314.5
97.7|35629|175.9
94.1|46140|359.7
95.4|35739|164.2
96.9|39493|28.6
94.1|38344|114.2
102.3|35018|55.3
94.7|40536|354.2
93.8|42851|72.2
90.7|27992|53.4
84.6|30928|84.1
91.4|31397|40.9
88.6|35283|207.2
89.4|26805|58.4
101.5|35966|129.1
101.9|37466|464.2
97.5|40822|69.5
100.2|42411|78.1
93.7|38640|266.7
94.0|40174|131.4
95.6|29890|60.0
89.7|43337|769.2
80.8|30983|110.1
87.4|42097|747.2
95.4|38968|96.1
90.7|39482|534.4
92.5|35647|30.9
92.6|26645|27.4
111.3|39965|91.3
103.9|32074|71.5
88.6|42618|648.3
86.0|26459|79.1
95.0|35105|153.0
88.7|33922|97.6
90.5|38109|238.4
79.5|26422|64.0
101.3|33230|86.0
115.6|28444|9.5
93.1|41920|213.1
93.1|32552|67.5
96.3|40872|154.0
89.9|30882|22.0
95.0|38900|190.6
84.7|31191|149.2
96.6|41421|213.5
97.7|32396|95.4
88.4|32139|57.7
93.3|30985|43.7
81.8|28793|55.5
93.6|50579|1321.5
92.3|30508|70.8
100.6|32903|54.6
89.8|41240|107.2
89.1|37147|161.8
90.7|40172|805.8
88.6|26652|41.2
131.3|33756|196.1
86.7|42372|295.7
99.8|34084|38.4
90.1|30444|153.8
99.5|35902|47.2
87.5|29538|46.0
90.2|37159|90.8
86.4|32868|205.3
87.1|36259|77.0
95.4|38348|165.7
92.7|28830|98.2
91.2|28202|130.0
89.8|33784|162.3
95.3|37494|254.9
89.6|31122|111.5
95.9|31793|63.6
83.0|31010|112.8
94.7|36898|147.1
92.6|38808|99.0
92.2|33046|132.7
91.2|28608|24.6
89.5|38587|77.5
114.2|25684|10.6
97.1|50638|194.0
84.3|31301|169.4
96.5|54988|754.7
95.0|28351|46.6
86.1|28865|39.4
98.2|32611|136.6
94.3|33942|205.1
95.7|34258|86.7
87.2|33116|198.9
93.6|36660|108.3
93.3|29674|56.9
90.6|29079|2.6
95.4|31166|7.9
102.0|26688|5.0
112.4|32667|0.8
99.2|29853|4.3
96.6|31906|2.8
103.8|25330|2.0
93.5|41309|42.5
99.5|38147|69.8
97.6|31868|3.2
92.5|29231|5.1
97.5|30089|1.8
103.6|30015|1.8
92.3|28642|4.4
100.9|26119|2.9
95.8|32019|5.9
88.1|29967|1.9
102.3|35785|46.0
100.3|23165|1.7
99.9|29572|3.9
100.1|29209|2.4
100.1|25389|2.0
100.7|29707|4.1
95.6|27986|2.3
101.0|27274|3.2
91.7|26389|3.5
98.9|29342|2.1
97.6|32337|4.4
99.9|42269|8.3
96.3|37028|13.1
95.1|27098|3.6
93.6|28892|3.8
106.2|36650|2.9
100.2|36430|7.7
92.5|26524|4.6
94.4|35600|10.2
105.8|37672|6.8
101.7|30746|3.0
108.6|36098|12.5
91.9|26232|15.2
110.1|37213|5.1
104.3|24450|1.8
99.7|22483|3.7
117.0|24667|0.6
93.0|32526|16.9
108.7|35757|3.2
93.2|33848|9.9
96.0|32740|2.8
97.9|37445|9.8
96.9|33845|9.7
96.5|33670|29.2
94.0|31894|4.0
93.6|31491|9.5
94.8|29315|46.8
98.0|37048|268.2
92.4|39179|123.8
92.1|35607|146.2
93.3|27322|122.8
93.1|43367|116.2
93.6|29714|130.7
94.8|38303|86.0
92.2|47885|712.2
95.4|35509|73.1
92.9|43139|90.7
88.6|40340|362.0
93.6|49386|393.8
92.7|40467|98.7
96.6|34226|210.5
92.7|34701|65.0
90.8|36227|116.8
85.2|39168|3040.4
93.3|39307|88.9
94.9|44938|96.1
94.9|67258|248.6
92.4|42746|312.1
96.3|47962|243.0
93.3|36735|69.9
91.5|42734|1980.1
93.3|44074|103.5
92.1|30191|66.3
94.3|60200|225.2
91.4|48656|356.5
91.4|30110|78.2
86.8|40964|2075.1
91.2|43856|134.2
92.7|34440|67.9
89.9|30318|39.3
93.6|42657|70.1
92.8|35313|73.9
97.9|34261|66.8
95.5|36944|92.1
92.9|40558|120.7
89.9|30661|77.7
87.5|30853|180.4
90.9|38877|103.4
91.5|48763|996.9
88.4|29127|137.0
92.0|44124|211.9
93.6|41479|100.4
93.6|45042|578.0
88.6|38004|1336.6
121.3|44212|86.4
88.0|35248|620.2
107.1|38709|164.0
94.9|55811|358.4
92.8|27287|53.7
96.2|42742|88.3
92.4|44109|242.9
96.1|30467|33.3
88.6|40156|1210.9
94.9|28868|35.7
98.0|40882|77.9
88.4|35185|127.3
140.5|32940|35.2
94.7|44224|160.8
95.4|40327|48.8
95.4|34383|83.2
125.0|42832|105.1
92.5|31649|62.7
92.4|44347|308.8
95.7|42093|99.7
97.0|46426|71.8
99.3|37397|259.3
109.0|37117|106.5
92.6|40584|151.0
91.2|28008|129.3
95.7|38037|106.6
96.4|44507|117.1
88.4|39824|656.3
89.3|42304|1315.4
90.6|38298|365.2
91.4|35489|160.2
85.8|51743|93.7
92.4|39497|72.3
95.5|29465|30.9
102.4|57952|396.3
91.0|34275|99.6
94.5|41538|200.9
96.4|40735|92.9
91.1|44442|196.1
92.5|38839|56.5
94.4|24881|36.5
142.0|30259|7.0
119.9|24752|14.2
100.9|36715|3.2
111.8|27402|22.0
125.0|28356|12.9
92.4|27888|40.2
96.0|27347|23.6
97.7|45439|97.5
89.0|29405|55.4
92.1|26536|56.6
85.0|22743|19.8
95.3|30625|1.7
99.5|41846|388.0
92.9|23705|11.6
108.8|33867|107.5
94.6|27210|10.4
98.6|30997|19.6
92.9|33168|70.5
92.0|28524|26.5
93.8|27996|50.1
91.3|28172|4.7
95.1|27951|3.3
90.4|33006|54.6
88.8|28070|33.7
91.3|32625|41.3
94.8|28977|5.1
129.6|25793|9.5
89.8|22365|6.1
95.2|33705|3.4
92.4|24553|20.4
105.5|22621|17.5
94.8|30737|35.4
93.8|23674|9.0
94.1|24592|16.3
89.9|30762|52.3
92.9|36676|15.4
90.7|26053|10.1
94.7|23962|14.8
97.8|27278|30.3
94.5|31187|33.5
92.9|36784|45.6
94.9|32558|17.1
96.1|37275|48.7
89.1|24162|18.6
89.3|25964|31.4
91.5|30949|7.9
93.6|26437|35.5
95.4|31125|58.5
92.8|30294|30.2
88.9|28438|85.3
96.0|33968|15.6
93.2|29470|18.7
107.9|24324|18.9
90.8|35063|931.4
90.8|27652|56.9
100.1|34477|19.7
90.1|27507|70.4
94.4|31661|29.2
102.6|28733|99.4
100.1|28679|33.7
90.6|26955|48.8
89.2|31573|83.2
90.4|22127|8.3
96.9|30078|3.0
94.4|44471|104.7
90.0|25568|39.4
92.5|27615|57.8
89.7|30709|49.4
106.9|35872|9.9
90.0|24828|10.7
90.9|38213|987.7
94.9|41744|102.1
87.7|35816|117.5
89.2|29563|11.5
101.7|28927|7.1
100.5|33581|14.9
95.3|30367|5.5
97.8|41897|115.5
94.9|52080|181.1
95.1|36301|43.1
98.1|45797|66.3
93.9|31542|39.2
97.3|35186|6.4
94.8|30117|13.0
97.0|41847|38.2
94.2|33223|19.9
96.3|33611|1.6
97.1|32560|1.8
98.2|30957|0.8
99.2|38326|39.1
91.7|36461|65.1
100.8|35853|10.7
91.1|31229|46.2
97.3|31537|10.7
98.3|29506|0.9
94.7|36942|70.9
90.1|32769|45.4
95.0|37518|45.0
121.2|30241|3.2
99.5|40314|240.6
106.1|37521|5.4
96.1|41278|1517.6
89.6|42311|84.2
105.0|35142|2.3
98.1|34269|22.0
104.7|36249|21.9
92.4|33738|12.0
96.1|32129|2.3
95.1|35959|10.0
97.0|52122|615.3
97.0|28750|0.9
101.3|44111|118.8
93.8|42704|175.6
86.2|38329|1755.3
92.1|31557|110.7
88.2|36995|417.8
94.4|32731|49.3
92.7|44714|435.0
88.5|32861|245.6
92.1|35038|54.5
93.4|59727|984.0
91.8|42308|220.8
91.3|30179|221.8
94.6|32212|15.0
92.3|35113|154.3
104.4|36165|122.6
93.1|65295|573.4
90.4|30770|69.3
97.5|31357|72.7
91.2|31064|42.6
87.8|34094|132.1
90.8|33560|89.2
92.7|46707|388.4
88.8|41507|479.4
86.9|50092|2990.4
95.3|37550|42.4
91.7|36627|350.2
87.6|27451|188.1
102.3|27581|11.6
91.9|40476|167.5
98.6|34882|32.6
106.5|30352|70.6
110.2|33313|52.2
90.6|30233|108.1
92.6|31722|70.1
96.4|34698|58.3
85.4|34438|465.1
91.6|45507|495.9
86.9|33152|262.6
91.7|40838|332.5
89.6|43449|900.3
89.5|33771|358.4
92.8|34016|97.2
98.7|33040|46.8
90.8|34666|179.1
89.9|32175|112.9
94.4|46257|227.9
90.0|60829|1552.6
86.0|38075|139.5
91.7|45234|714.5
92.8|31314|205.6
96.9|41909|78.8
81.8|30746|11233.6
97.3|44608|84.7
94.8|32253|16.7
97.2|32699|193.1
93.1|35981|113.4
98.9|30911|74.5
100.4|30279|14.6
95.8|33622|51.3
92.8|32020|36.5
128.5|40336|131.4
92.1|32257|85.3
92.8|36083|49.6
89.0|37607|236.7
98.5|34082|65.4
89.7|37106|360.8
95.8|36365|70.7
93.8|45268|422.1
89.5|50737|2051.8
88.7|47617|981.9
91.4|50448|821.1
87.9|36950|1504.1
91.3|53103|371.3
88.0|32635|51.5
89.2|37889|132.9
107.5|20898|27.5
90.2|36807|230.8
84.0|24007|42.4
86.5|28591|42.8
102.0|46992|206.1
102.2|39908|130.0
86.4|32736|39.9
90.5|37810|337.5
90.7|33787|133.8
87.6|32425|58.7
90.0|29483|53.6
94.2|27131|53.5
87.9|29733|36.2
84.6|31087|120.1
81.6|26630|75.9
91.7|43316|167.8
114.8|35146|49.0
88.8|30376|34.2
84.2|35144|157.2
88.4|35312|68.5
91.6|41149|480.5
84.6|34702|145.5
103.9|28771|38.2
94.1|36470|173.4
111.3|30727|31.5
90.0|38804|72.5
95.4|34688|111.8
89.7|33933|97.3
101.1|26907|49.0
91.3|44659|308.9
115.8|31577|27.7
80.4|26526|72.5
93.1|26598|60.1
89.8|32867|57.2
93.5|36666|105.9
81.6|29567|82.8
98.2|36214|222.9
89.8|39961|423.9
95.3|35774|42.4
91.3|37579|313.0
90.2|33278|157.3
85.3|31441|58.1
81.5|24214|39.9
90.2|44539|241.2
98.8|29783|4.3
93.7|30510|13.5
93.9|25313|3.0
126.4|30644|12.9
101.2|35438|35.5
89.5|35017|20.7
92.1|32370|6.5
98.0|12692|4.3
93.2|29040|4.0
98.3|28793|2.4
94.1|26060|8.5
97.4|30208|4.3
92.5|27535|32.9
96.5|36257|37.7
100.8|20654|1.7
99.4|36303|4.7
91.8|33476|43.0
94.5|30227|6.1
99.6|31788|7.2
95.0|23272|2.6
92.3|28478|8.0
94.3|32205|3.8
103.8|29631|4.3
97.7|30237|2.6
96.1|33088|11.5
91.9|22732|4.7
97.3|29894|1.2
96.8|33851|10.9
92.9|32377|2.6
99.2|33049|7.2
102.0|25000|0.5
88.7|42970|22.2
90.7|30026|9.9
97.0|31103|1.9
95.4|23945|1.6
96.0|30690|4.3
102.8|30288|1.2
95.9|31262|6.9
99.5|34087|20.0
93.3|31755|27.3
97.5|48338|41.7
102.1|28509|2.4
97.2|35396|10.2
91.4|22380|2.6
96.8|30567|5.5
101.6|36992|7.0
100.6|23219|1.6
97.0|29519|5.1
95.4|42566|183.1
97.0|35467|12.7
95.7|37485|31.9
96.3|27750|1.2
94.8|30086|3.1
98.2|28322|9.1
104.7|33375|4.7
95.6|20916|6.0
106.2|31717|5.0
98.0|41170|1.9
108.5|32500|1.5
92.3|20035|6.5
94.7|28333|4.0
93.9|36059|14.3
98.3|44790|27.3
90.3|27834|8.4
101.3|35374|41.5
98.1|18063|1.3
87.4|35483|211.3
97.0|36729|79.4
91.4|28679|41.9
121.3|28982|30.4
90.8|37862|189.5
91.2|35034|267.6
90.9|25285|83.0
93.2|32809|48.3
89.8|30463|49.2
91.6|27371|166.4
97.4|45836|118.7
90.2|34349|53.9
91.4|25782|68.8
95.0|23958|33.8
92.8|25553|77.3
92.3|34898|112.0
90.7|30015|54.8
91.6|30901|68.7
90.8|39797|1134.6
91.9|28741|35.1
94.9|30359|57.2
92.9|39056|88.1
88.8|32788|73.0
92.2|40279|40.9
93.1|23238|33.3
92.8|36044|70.8
85.8|31105|79.9
91.2|34824|48.2
96.5|27997|73.7
91.4|30382|101.2
94.3|22959|39.7
93.5|32350|361.0
88.1|38930|567.6
94.3|19760|30.5
121.4|29111|42.1
92.2|27819|44.3
92.5|31300|110.1
82.4|27671|37.1
90.0|32057|49.1
90.4|30169|55.4
111.5|31013|36.4
95.0|29968|40.4
93.1|35786|33.7
94.9|26502|35.6
94.0|32824|161.8
114.4|23067|58.6
90.1|37454|751.3
163.4|21995|48.7
109.0|29751|57.6
90.2|30498|64.7
91.8|30444|40.3
90.8|33434|55.0
92.1|40401|170.8
89.8|31919|113.9
91.4|30154|44.0
95.1|29867|66.4
87.2|36982|164.9
92.0|31419|55.7
92.9|38457|71.3
90.3|41591|113.4
97.3|29354|56.9
93.9|30337|61.4
98.8|38981|249.9
97.8|36591|44.4
116.4|27712|37.8
89.9|32764|59.6
93.1|26915|46.4
95.3|28061|18.4
94.2|24673|30.4
95.8|29643|36.9
96.7|30914|155.4
91.7|30418|89.9
90.7|33226|143.8
95.7|43174|114.2
97.2|46312|294.1
94.0|24093|39.7
95.8|30959|42.8
92.2|34719|120.2
86.8|39593|1189.4
92.4|35625|56.3
96.5|32316|27.0
90.2|33529|370.6
92.3|46030|246.5
93.2|41856|111.6
92.4|32212|63.5
91.6|29863|94.9
96.6|27335|79.7
95.3|28165|20.1
94.7|30920|88.5
91.7|33116|328.5
125.5|26576|22.9
91.1|30008|60.1
92.4|29383|61.3
93.7|69104|217.3
94.8|50140|155.6
173.4|31957|51.5
91.2|34036|8.7
93.7|33806|100.0
95.5|30702|89.3
96.2|38514|9.7
90.3|38194|2.4
94.2|33081|31.4
92.9|38615|36.1
94.1|27901|8.0
98.3|39013|22.3
104.8|43578|65.0
86.7|24627|4.7
164.9|28392|36.8
99.3|36872|224.6
91.2|38328|1117.2
94.9|39369|11.8
108.3|29205|0.8
92.3|34181|17.4
101.0|33001|100.6
107.4|48632|174.4
100.3|29104|260.2
98.4|27386|1.4
92.8|29917|2.0
89.9|18622|8.5
93.1|30974|39.9
91.5|33026|24.7
91.3|37921|34.3
92.7|36573|59.0
99.7|35849|40.3
90.9|32463|14.4
86.3|26155|370.1
91.9|31164|58.5
92.2|40285|7.1
87.5|28441|32.5
98.2|30619|9.2
99.8|47964|43.4
99.0|29313|44.3
149.5|27457|10.8
93.1|35738|10.0
93.3|27525|4.8
94.2|29085|4.3
88.1|25658|7.3
97.8|70835|580.1
88.0|25438|3.5
92.4|32425|21.2
93.2|46147|139.0
94.4|28422|15.0
209.9|31313|4.0
92.8|37649|41.6
106.2|35999|71.3
81.9|25446|2.1
90.5|32194|5.1
97.6|29355|1.5
87.2|25769|7.9
97.1|25882|0.8
101.3|27946|4.1
98.0|43324|2522.6
129.9|28211|16.6
91.9|29601|12.4
88.9|29094|19.2
96.6|58216|487.3
105.2|28714|22.0
141.9|25898|3.1
91.1|21917|7.7
91.7|29006|4.1
102.9|22416|7.3
90.6|26832|19.8
90.9|31152|134.4
98.2|25298|1.0
95.4|50350|118.5
88.7|31051|670.8
95.9|30708|30.4
74.4|26589|24.2
116.9|34501|35.0
91.0|34526|23.0
89.8|27659|4.8
89.9|26851|7.8
85.1|25813|2.3
96.3|63831|405.3
92.8|31955|33.1
110.8|31283|20.4
130.2|24504|14.3
94.0|30432|9.6
93.1|42419|627.8
111.3|27206|5.4
88.1|38109|19.6
113.0|35655|1.6
94.1|34201|8.1
95.0|28368|17.4
103.7|31368|24.5
90.6|37178|118.5
90.4|35006|406.4
124.0|32280|29.7
94.3|43949|125.2
101.3|31280|36.4
86.5|23016|4.2
87.1|31150|9.8
96.4|35438|5.8
85.2|28312|6.8
92.4|37612|53.8
97.0|42598|1967.0
89.9|33520|69.1
172.9|46327|3.8
86.3|23690|6.7
99.5|45006|144.0
92.2|35456|3.7
91.9|32533|83.8
89.9|24863|362.8
93.7|31600|33.6
92.2|31085|25.0
94.1|43668|97.5
93.3|32136|40.8
115.9|28119|18.8
122.5|30805|37.2
94.3|21045|0.7
95.3|36752|91.1
93.6|36588|26.9
99.4|37500|1.7
126.2|32500|9.6
93.4|35254|17.3
92.1|30902|38.0
104.4|32212|1.0
100.2|34706|279.0
92.1|25833|4.6
91.4|28843|45.5
97.1|44621|173.9
159.7|29572|22.3
162.5|26526|20.6
94.0|44783|90.7
91.4|49521|35.8
100.7|25000|0.3
91.6|30433|1.0
87.8|34283|39.5
90.5|29396|3.6
100.0|35625|0.4
99.0|28320|2.5
98.5|29313|36.2
87.8|25453|5.0
86.8|31609|52.9
89.9|27898|14.5
93.3|36176|24.9
121.4|21857|3.9
88.5|29132|19.8
98.0|36280|24.9
92.7|30981|14.3
92.4|38361|60.5
100.8|29366|24.3
93.0|31964|3.3
129.8|32057|11.9
91.7|34830|18.2
125.0|40000|0.1
92.6|32198|269.7
93.8|26694|7.3
86.0|25705|7.7
90.2|33560|204.9
105.7|32500|0.8
155.1|29418|27.6
91.4|25347|28.7
92.7|31836|5.2
87.6|30921|4.0
95.5|32174|34.1
86.4|21232|36.9
104.9|36063|29.6
93.1|24762|2.6
89.4|39082|128.9
90.6|33186|23.8
98.2|30579|6.9
174.4|25399|10.7
89.8|31048|20.5
95.4|50864|281.4
97.4|34852|22.4
87.4|29011|51.3
92.9|28348|1.4
89.0|28301|62.5
92.7|31268|44.8
102.8|28500|16.2
91.7|26209|17.3
92.5|35959|375.3
96.9|38013|9.8
90.6|33713|1.5
92.6|37586|238.4
92.3|31203|28.4
87.1|31909|28.4
102.1|45497|97.9
93.9|30813|11.4
132.1|28033|3.5
109.5|30495|38.9
100.2|29492|124.9
92.0|19860|1.9
96.4|33712|39.4
91.2|42712|114.1
100.5|33231|2.8
95.7|25118|4.4
89.8|27558|13.6
115.4|23306|5.0
92.4|29986|10.2
97.3|44792|1.0
87.7|28886|18.7
96.9|65164|334.5
87.1|27806|10.9
103.1|32898|51.3
92.7|27198|21.4
85.9|27025|16.9
97.4|32220|39.0
98.3|34836|97.1
97.1|30104|5.5
94.9|29746|2.2
109.5|31646|18.1
85.5|30479|3.6
89.2|29112|31.8
95.7|33179|3.5
87.9|37148|188.2
95.9|39404|36.4
88.1|16504|43.8
103.0|29583|10.8
95.9|35129|1.5
91.1|27935|1.8
96.0|34385|2.8
111.3|29846|9.3
95.6|46179|1675.0
91.1|34035|138.2
101.5|24219|0.5
109.5|28090|14.3
93.0|28277|2.0
94.0|32452|68.5
89.9|33148|68.3
104.5|46761|821.1
90.7|27070|19.9
108.2|29808|22.6
91.1|33347|60.1
93.3|28977|2.7
90.7|27164|16.7
93.2|28376|14.1
93.7|35029|56.7
91.7|38732|95.3
161.9|31468|78.4
96.1|38136|63.6
92.3|29386|13.1
92.1|36760|49.9
87.9|28100|57.5
92.7|32208|37.8
87.4|31029|5.8
103.4|33780|209.8
91.7|29500|15.1
104.9|22114|33.7
96.7|60642|222.6
97.0|40006|40.2
93.7|30591|8.5
99.4|41933|53.9
95.1|32885|56.5
91.4|32672|9.2
86.7|30499|19.5
93.7|24635|12.2
95.8|16844|8.9
106.4|34544|2.3
98.9|44630|7.5
93.8|39730|78.5
93.0|34036|13.8
132.6|30833|1.3
98.5|53726|784.9
100.0|31298|4.4
97.5|39850|2.4
102.2|35180|0.9
95.1|32387|2.3
93.6|33114|10.2
96.5|38139|2.4
94.1|34247|1.5
101.9|36178|1.9
99.7|50273|11.7
101.6|29625|1.9
102.5|39766|1.9
99.7|48373|1218.4
94.9|28137|1.8
100.9|33042|14.3
97.4|35822|9.9
108.3|64962|15.9
95.4|45773|5.9
95.9|34518|5.6
94.5|45833|184.4
99.5|49612|12.9
94.4|37212|37.2
103.5|32000|1.0
98.2|44014|341.5
95.4|43142|46.7
87.9|39926|54.7
94.5|34800|45.7
92.3|47673|271.9
99.0|30490|9.7
95.9|41659|71.3
97.9|43033|83.5
97.3|39356|50.4
96.6|39855|41.0
95.1|31084|37.7
92.0|36743|68.0
94.1|40972|84.2
91.8|38204|56.1
92.1|40688|59.1
90.0|30250|84.1
88.6|50749|109.7
95.3|38545|29.1
94.2|40252|32.0
87.1|37393|67.1
91.1|36507|41.1
100.7|63001|7323.3
99.8|43045|67.6
99.2|35013|9.5
97.5|43136|80.0
121.9|30397|19.2
98.4|48731|56.2
115.4|31288|32.5
102.3|22213|53.5
126.5|29882|26.9
92.3|37280|101.2
97.5|39845|41.5
94.1|30597|61.4
94.8|42745|37.9
90.7|28929|26.3
91.3|58537|610.5
96.6|51601|71.6
101.5|37314|15.4
103.2|45290|89.9
88.2|31816|30.2
93.6|23431|49.4
96.0|41582|48.7
88.2|37395|38.8
96.2|81050|2454.8
95.4|61999|84.9
96.7|31585|36.4
82.2|46372|69.8
96.3|38056|68.3
96.7|46941|142.8
92.2|34927|46.6
92.9|45421|160.6
98.3|56307|59.3
109.7|28676|40.5
94.7|45931|97.4
177.8|32002|39.1
86.7|29929|45.6
92.8|59223|182.6
83.6|49185|1101.8
93.0|31816|151.5
96.5|29732|6.1
91.7|45387|94.1
91.0|55594|336.6
92.5|35941|21.0
99.4|49882|93.4
93.9|49876|47.7
81.5|33239|86.9
91.3|22972|54.0
95.5|80648|326.2
94.9|39402|51.5
115.7|27899|30.5
94.6|39856|39.0
91.7|43222|107.5
96.5|31380|51.9
90.5|36875|76.2
110.9|32330|215.4
91.4|36769|30.6
99.9|53595|64.2
84.1|28276|63.1
88.4|38129|63.7
106.6|30866|50.0
91.7|42889|75.7
94.4|33359|74.5
94.9|28705|40.2
92.9|35153|63.6
126.7|53992|85.6
93.2|31301|55.9
120.9|49877|124.4
97.4|65960|831.3
95.2|33873|109.6
97.3|45943|26.2
131.9|33026|46.0
85.3|47689|341.9
98.0|36035|34.7
94.3|40748|79.6
103.3|26834|63.9
90.7|27339|43.6
92.8|39173|68.5
90.5|30083|73.2
112.5|33995|29.2
93.0|57525|225.5
99.5|66809|341.9
92.0|37558|24.5
142.3|31007|25.5
88.7|27304|85.8
94.9|42422|147.8
91.7|32742|90.8
88.9|35797|72.9
91.6|26149|99.3
88.3|32235|59.6
93.5|57956|532.9
91.7|56054|8452.0
85.4|28792|914.5
75.9|27389|1346.4
82.3|32410|929.5
84.6|31007|4389.7
91.0|50743|584.6
74.0|26090|1387.5
82.3|43224|2260.3
86.1|30325|1111.3
77.4|26900|1124.2
78.1|30333|821.9
93.9|67642|3406.9
89.9|74924|5225.8
73.4|31687|999.2
78.4|34585|1833.0
84.1|28236|830.9
96.6|39532|2828.0
87.5|29949|2304.4
82.2|33196|2182.3
127.2|28982|2753.8
79.1|32234|1321.5
102.0|60409|3537.0
103.0|60794|4129.0
78.4|27441|1407.1
90.3|36597|2637.9
104.8|31815|4362.8
78.5|22788|518.5
78.7|28851|1474.6
94.4|60920|745.4
90.6|33742|3032.7
81.6|24654|1615.2
83.5|31121|3292.6
84.3|30719|2213.2
85.5|38997|1696.4
87.0|32941|1210.3
87.4|41115|159.2
95.8|48705|1712.7
82.8|32686|1270.8
80.8|37093|1404.1
92.0|34335|2526.7
102.1|33888|8.5
86.3|33524|32.3
96.3|47044|83.7
96.8|37316|22.8
96.6|36449|37.1
95.9|48376|549.5
94.8|33500|4.7
95.8|39797|81.6
96.0|38464|17.9
105.2|30388|3.3
108.6|38991|39.7
93.8|33398|3.4
103.4|35276|27.9
96.2|34160|35.1
97.9|45513|343.3
94.4|37869|14.3
97.3|53157|817.0
101.2|46840|585.8
97.2|32546|14.5
98.8|34267|10.2
95.4|35511|28.5
94.7|35255|4.4
107.3|39586|51.4
98.0|29726|7.5
95.8|31209|22.5
99.6|31677|8.4
96.7|45204|417.4
93.0|43491|80.5
95.7|42381|59.3
99.4|39317|6.0
98.2|53060|290.1
93.6|37308|237.0
96.6|34673|16.2
92.7|46975|285.2
98.1|39444|14.5
102.9|35900|43.4
95.0|40005|78.7
101.9|28584|18.9
97.1|34828|51.8
92.0|24729|45.7
96.4|38763|236.4
92.5|25669|50.8
103.0|24412|28.6
89.9|32981|286.4
88.5|28479|343.7
98.3|21578|27.0
97.3|22120|30.2
98.1|26744|23.1
94.7|24788|71.7
101.4|22857|21.1
94.5|28916|23.7
88.8|26927|33.7
97.3|31666|31.5
89.4|33759|394.4
96.7|31846|21.7
88.2|30562|165.0
91.4|32434|60.1
95.4|44374|201.4
87.1|33766|221.5
91.4|27066|44.3
96.0|22662|50.5
91.0|24603|83.0
86.2|16931|51.1
87.3|28626|182.8
91.6|30989|115.7
92.1|27134|60.1
87.7|26628|149.8
93.0|31149|82.6
90.2|21347|66.9
101.2|28625|226.7
73.8|27575|30.8
95.0|35016|65.3
92.2|26974|41.0
84.0|30836|446.7
101.5|30429|11.7
96.2|32736|57.5
103.6|26401|9.7
95.9|27927|45.2
93.5|41892|149.0
94.9|28181|130.5
99.7|27299|27.2
95.1|27332|22.8
96.0|24511|31.9
93.0|21147|36.0
92.9|27124|93.1
94.1|26250|17.5
94.9|29290|37.2
90.4|26973|66.0
91.8|27352|84.8
94.3|21055|17.5
91.2|30935|49.3
97.0|30748|25.2
89.3|33285|239.6
93.2|23932|51.3
101.3|33408|28.8
91.1|31628|16.2
96.0|37275|52.1
100.7|33390|10.2
96.9|46447|429.0
101.4|37200|20.2
100.3|34218|19.1
99.0|52569|127.0
96.0|39596|54.6
98.7|34577|27.6
100.4|45064|67.8
99.3|34135|30.1
96.0|49223|354.9
110.8|45190|97.4
94.5|38813|57.9
94.4|35226|33.1
102.2|38753|46.8
90.6|39219|146.1
101.5|34750|10.4
92.2|45578|134.6
99.0|32023|9.9
102.0|36268|43.2
94.2|43228|57.6
95.2|39462|53.9
97.7|42518|29.9
96.8|29580|9.1
116.3|37015|19.3
96.8|46901|132.9
97.4|35335|31.7
95.3|46970|548.2
98.8|43824|58.9
90.7|39472|236.6
98.0|37220|25.5
95.6|33168|23.8
95.1|39120|33.6
96.1|43286|140.1
97.4|45165|81.4
95.0|35256|30.9
123.7|35746|34.8
92.3|29440|12.7
88.1|38100|3892.1
99.6|37170|45.4
99.7|41201|35.7
97.3|37619|32.7
96.9|49613|251.4
94.0|62745|354.9
100.2|37609|31.1
94.2|49551|63.8
98.5|41183|45.0
96.8|43487|83.3
99.0|35249|12.6
95.5|48059|566.9
94.9|33998|30.6
94.1|45517|211.4
97.4|31344|16.8
98.5|54930|87.5
95.2|41941|65.9
101.0|32287|12.9
97.6|38069|45.6
99.9|46237|219.3
100.4|38502|20.2
98.8|37889|36.8
95.6|33178|35.3
95.8|33759|24.1
97.2|46274|168.8
98.3|33716|19.8
97.0|57033|272.7
94.4|62839|649.4
98.4|40910|68.9
98.8|37000|37.0
97.8|44445|357.4
93.0|41595|95.3
106.4|28790|7.5
97.1|32682|3.7
104.1|49536|7.0
118.1|36060|2.0
96.4|39603|2.8
101.8|35601|2.1
95.4|32503|3.9
95.0|32228|5.6
89.8|29888|2.4
94.3|34012|1.7
100.0|39607|30.4
101.3|40794|3.6
95.0|36619|12.5
88.8|29701|0.9
93.1|35829|3.7
96.5|33866|4.2
94.0|34538|10.5
104.5|39044|1.2
101.1|46537|3.6
115.5|54614|4.6
100.3|44544|9.5
96.3|34943|3.7
103.8|32348|2.8
91.3|9888|287.0
93.3|11384|1359.4
93.5|11476|1767.8
94.9|12957|949.8
90.8|12725|846.7
91.6|12620|721.8
90.2|12496|794.8
86.2|11484|1271.0
89.6|11706|1196.5
92.3|11322|844.8
87.4|19861|5048.0
89.8|13580|666.8
84.6|16522|2394.6
91.7|13168|759.1
90.9|13034|1319.3
81.9|21236|4105.1
84.0|12852|6232.5
90.3|13452|912.8
99.3|16440|619.9
97.4|10981|297.2
94.1|15557|1184.5
90.0|12064|481.7
94.6|10892|704.5
94.3|11786|865.7
104.7|17008|160.8
89.9|16460|1458.2
85.2|15410|1362.9
91.3|11123|813.9
90.9|9721|589.8
96.6|12112|680.8
92.6|11361|544.6
86.7|26211|3688.3
92.8|16451|1319.7
91.0|12378|931.6
83.8|16745|1467.1
86.2|14345|1318.6
90.4|11685|802.8
99.3|11220|388.4
92.1|12892|838.1
89.7|13072|1371.1
89.8|11384|436.9
93.2|9685|559.9
93.9|9472|238.7
92.2|14622|1017.7
85.5|11200|1673.4
92.4|13631|771.2
87.1|12796|1005.4
95.0|9243|176.1
96.6|11638|605.6
88.2|11775|1267.9
93.4|11271|789.4
95.7|12090|770.8
96.3|11461|459.4
96.1|12484|1094.1
99.6|9945|375.6
94.7|12021|431.6
94.4|12194|602.4
89.0|12998|1625.5
94.0|12210|1123.6
91.8|11460|1034.0
91.2|15006|862.3
87.9|12485|722.7
89.2|11391|449.5
88.7|13089|680.7
79.9|17367|9084.4
93.3|12226|771.4
92.2|10962|627.2
88.3|11895|634.6
91.3|20134|2336.0
87.6|18331|4062.0
86.8|21980|3650.0
92.8|9948|311.5
86.2|13495|1366.1
89.5|13933|1349.5
93.8|9331|179.2
97.3|11728|787.5
93.9|12292|710.3
90.2|11924|680.6
